37.06750839
36.89390613
36.88484785
36.81941363
36.81815453
36.97372599
37.0510889
36.90421803
36.90452867
36.81245808
36.91739551
37.05989195
36.80757783
36.85141347
37.04927826
36.80384926
36.94000689
37.04948705
37.07007973
36.95211596
37.05161886
36.97029703
37.03218835
36.89381629
36.83227774
37.00837473
37.02252537
36.91907918
36.90397572
36.81630769
36.91245992
36.91005682
36.88525186
37.0743166
36.9980439
36.92766012
36.98753009
36.98003665
37.09415255
37.02929928
37.0156701
37.06419862
36.80319509
36.97146061
37.09148101
36.96008895
36.81881504
36.96940853
36.86843797
36.93217355
36.8296717
36.83813472
37.04048861
36.87646493
36.94997854
36.95689868
36.8058815
37.06310408
36.93803095
37.09398164
36.97084247
37.06229128
36.87245732
36.83526782
36.84542137
36.81784817
36.86006179
37.06047257
37.03126223
37.07956123
36.8242259
36.82096744
37.09319151
36.95651052
37.03630972
36.89292629
36.83555477
36.94562843
36.92458331
37.07475231
36.8478373
36.86108238
36.84502686
37.08730893
37.0246044
36.86193559
36.99971039
36.86586904
36.93479007
37.08211235
36.97458192
36.84431803
36.98885925
36.85529082
36.82486777
36.86417831
36.95793082
37.00001128
36.93769976
36.86463759
36.8660827
37.06702655
36.89046587
36.87501818
37.06898499
36.83591833
36.99955956
36.89824171
36.89782828
37.04764646
36.96506348
36.99343329
37.05353877
36.97849968
36.89929595
36.86342257
36.98770626
36.87891845
37.09269472
36.84840683
36.4607759
36.49194018
36.73435826
36.71297272
36.6799626
36.7391545
36.45185607
36.46458753
36.48067373
36.61285853
36.75099386
36.63514166
36.53034184
36.67428739
36.43019471
36.51487375
36.63709747
36.46927577
36.48439392
36.75659794
36.75118565
36.47422301
36.52070092
36.53972005
36.4708009
36.47196143
36.71257868
36.67048832
36.61582078
36.64852392
36.50490434
36.52487264
36.74148409
36.42363588
36.53454518
36.77699562
36.45209587
36.70257394
36.42663921
36.77920472
36.66146827
36.44129857
36.56010702
36.6280836
36.6527964
36.50790723
36.69603775
36.54950041
36.70919019
36.69709429
36.77759053
36.43912114
36.52774095
36.4002444
36.59917206
36.78734849
36.40961636
36.59997207
36.56649721
36.7308715
36.68748603
36.41678914
36.70582733
36.47321097
36.63842333
36.63981258
36.73892716
36.74375112
36.46125799
36.69419453
36.74544709
36.77975859
36.55329459
36.43738854
36.47958584
36.54435031
36.76965695
36.57562922
36.55084631
36.58992063
36.43385562
36.59115821
36.70851452
36.45992249
36.52142238
36.79395698
36.55846275
36.66548108
36.70875386
36.64552371
36.4711807
36.40780409
36.47910181
36.61974367
36.52419274
36.48072427
36.59977938
36.6436646
36.72311285
36.64616998
36.56224899
36.58844892
36.40292261
36.57464298
36.46414501
36.58767862
36.72657552
36.61883775
36.4165435
36.51191774
36.42109644
36.54063361
36.45614444
36.54393358
36.48085965
36.51650438
36.69987932
36.71599452
36.79765998
36.75075974
36.54999509
36.58490743
36.51287136
36.5468718
36.49122276
36.41097339
36.49888552
36.57612085
36.43556211
36.45604656
36.42845899
36.51123382
36.54910162
36.40752007
36.57512007
36.53169829
36.47621934
36.45359997
36.4732162
36.54201653
36.45523724
36.43791272
36.54442166
36.5321638
36.5100037
36.51603812
36.57358323
36.42799623
36.49669187
36.48180182
36.53050096
36.58529666
36.55227756
36.46800006
36.53879154
36.43628431
36.47989344
36.54049708
36.5840224
36.55725091
36.43785404
36.59902602
36.55913085
36.50205659
36.53809936
36.49271554
36.48645262
36.57532861
36.54383542
36.46270685
36.41312917
36.48443415
36.4279538
36.41701258
36.53811653
36.51012646
36.5812939
36.57946364
36.45323308
36.46632348
36.50362354
36.5290206
36.59297522
36.44905673
36.4006249
36.57014371
36.48023198
36.54271915
36.59660183
36.43229055
36.4101927
36.50078903
36.44851087
36.43282618
36.58743895
36.50953042
36.55402109
36.46324891
36.58436334
36.57371914
36.57705832
36.53125144
36.56697024
36.52797675
36.46541482
36.45499333
36.44327336
36.45587743
36.45055414
36.54219071
36.41642198
36.45995375
36.42223471
36.44662833
36.59273974
36.54943562
36.52421611
36.50335763
36.5622659
36.4549258
36.59347569
36.56899694
36.45729265
36.57803207
36.44773976
36.49983906
36.40655791
36.53126103
36.52697165
36.54736258
36.46538393
36.50432193
36.41552376
36.45758916
36.41036076
36.48839655
36.52325961
36.49442866
36.40229668
36.4610268
36.52905315
36.5058818
36.45107284
36.4635898
36.42265755
36.41472556
36.51771897
36.59335939
36.54274325
36.44862234
36.55404143
36.54034235
36.46795654
36.41333908
36.52274689
36.4892464
36.59534509
36.55762032
36.41557343
36.45000572
36.5834822
36.44556538
36.52259676
36.47276216
36.49655649
36.44077171
36.4487804
36.5996408
36.52582533
36.58943802
36.5868933
36.58693885
36.44101862
36.56908393
36.40073128
36.51967054
36.41617771
36.59130601
36.41852595
36.485681
36.56738954
36.4680417
36.55765899
36.47263842
36.55953748
36.53863509
36.4817146
36.47159154
36.52790537
36.5097831
36.40687441
36.53108028
36.51312692
36.42855192
36.5883317
36.45488564
36.58828358
36.42015509
36.48981601
36.57703387
36.42607873
36.40600554
36.46226994
36.55456749
36.59767188
36.41485268
36.56819527
36.5918773
36.5104766
36.45968217
36.49507086
36.56810441
36.49566315
36.53928246
36.43590443
36.57374817
36.54269877
36.41031256
36.56210784
36.50630374
36.56406752
36.4885198
36.41693633
36.44110287
36.41995708
36.54195278
36.53224686
36.45668334
36.52856191
36.59172699
36.55594545
36.56234785
36.42885154
36.48382461
36.46705609
36.56916195
36.42399234
36.55792081
36.54182696
36.52751239
36.40992112
36.53445297
36.46032697
36.5012488
36.54886073
36.44813645
36.50330581
36.55004454
36.42766237
36.53424042
36.40883287
36.46605599
36.52156769
36.57015829
36.56913532
36.40471652
36.49883999
36.49047377
36.51620663
36.49932967
37.0330773
36.92951098
37.0078834
36.98461828
36.86378031
36.79387246
36.98203495
36.69189335
36.97521478
36.69707376
36.93052406
37.08736096
36.81074323
37.07406832
36.83896557
36.67980091
37.06530775
36.82010651
36.75397827
36.97060998
36.95571679
36.82876684
36.80891332
36.61069527
37.00053739
36.91302414
36.8355195
36.85718473
36.9268028
37.03857444
37.02501638
36.70457685
36.96419132
37.06312339
36.88370319
36.9761262
36.66278303
37.0740416
36.78562329
36.89185445
37.02123439
36.60500967
37.05200784
37.04927132
36.93879433
37.06578941
36.67965138
36.65673966
36.96293808
36.7673592
36.65923184
36.86415919
36.69179153
36.92263189
36.81511564
36.69040952
36.79855361
36.93204855
36.96406678
37.06115518
36.80814333
36.63983815
37.05509199
37.0576088
36.62231337
36.71803345
36.9267837
36.93997509
36.60693928
36.88846801
36.85595463
36.83270709
36.94246522
36.9163799
36.98177749
36.87963304
36.99130739
36.73074128
36.67852719
37.0626795
37.0049688
36.82307913
36.83912188
36.62781599
36.79938156
37.09287993
36.74521178
36.80876537
37.07434186
36.93061922
37.00051433
36.88152928
36.92468038
37.00903243
36.92011733
37.04131369
36.72258381
36.80122979
37.09020759
36.62053001
37.04204696
36.84544074
36.62764293
36.71613538
36.6673807
36.74655287
36.81870056
36.98503968
37.0720397
36.80716654
36.65841455
36.9236802
37.01426751
36.97343249
36.98480374
37.05359434
36.64079591
36.82347164
36.87329579
36.97292526
37.17993551
37.10364221
37.11299908
37.12706616
37.16218446
37.14853417
37.12208213
37.13844993
37.16926418
37.13823439
37.17681212
37.13543597
37.10899248
37.17931256
37.11767501
37.19034719
37.14467031
37.16162578
37.17480054
37.18975282
37.10768727
37.11235173
37.12715634
37.17778595
37.18093739
37.10686453
37.15618819
37.16587994
37.17231603
37.14028626
37.16928423
37.17635141
37.19299821
37.13727281
37.15426936
37.18724471
37.12370828
37.1691667
37.10538289
37.10649524
37.15555305
37.14155921
37.16849458
37.11693336
37.1081853
37.16512859
37.16378693
37.1120961
37.10320043
37.13344941
37.14217991
37.10326316
37.14881231
37.10011576
37.16423114
37.15737888
37.13355639
37.102423
37.11555219
37.1564583
37.18675139
37.11518512
37.11227157
37.11949026
37.12547241
37.17198397
37.19679232
37.1322209
37.17851399
37.12089628
37.12810622
37.12571114
37.13548405
37.11995484
37.12369942
37.14081185
37.18851681
37.14860731
37.14543235
37.19217445
37.10308535
37.14504806
37.16756821
37.18769212
37.19035899
37.19673563
37.1172444
37.12650508
37.12533975
37.14436433
37.10445074
37.12940948
37.13618354
37.13209537
37.15643058
37.1226494
37.12212417
37.10560239
37.16747224
37.15121235
37.1092517
37.13160966
37.11927841
37.1807698
37.19056607
37.15915329
37.13073099
37.16257797
37.15450733
37.19699143
37.10575962
37.1499372
37.13875574
37.14346384
37.18157811
37.1513694
37.13404247
37.18128486
37.13216137
37.13235691
37.19053255
37.12654072
37.14590189
37.11102863
37.1298525
37.13231471
37.11734231
37.18509881
37.17891559
37.16226028
37.13158442
37.12830407
37.13715975
37.18156736
37.11539219
37.16540676
37.14822263
37.18694427
37.10442466
37.14166576
37.12181906
37.19676839
37.1012853
37.11559016
37.10374042
37.17730049
37.13723505
37.14990821
37.19902155
37.11954378
37.16239187
37.19372499
37.16561112
37.16513367
37.15521371
37.19151803
37.19122326
37.19616907
37.15237549
37.19610019
37.15924774
37.11591064
37.12255118
37.12686903
37.14779187
37.12399681
37.11876108
37.1797008
37.11417091
37.1298878
37.12193566
37.1634959
37.11212727
37.13444143
37.16787272
37.10746351
37.15629973
37.17755826
37.15297091
37.16520413
37.16119596
37.20176951
37.18353421
37.18101888
37.21041134
37.21928974
37.22719709
37.26323195
37.25124699
37.18308422
37.21450844
37.19565637
37.29296868
37.27655887
37.2095193
37.20164475
37.26397631
37.17932821
37.20268724
37.28297692
37.19806595
37.24335155
37.18917803
37.27084472
37.17430648
37.27509693
37.29540128
37.29713847
37.18906799
37.25379018
37.16495594
37.25863454
37.18984296
37.26479353
37.2480276
37.21848119
37.24004325
37.24753333
37.26113563
37.19981894
37.24712236
37.23027511
37.19205034
37.24416874
37.16184809
37.27500678
37.18515436
37.23831567
37.21629699
37.23254972
37.29401736
37.18636748
37.26935807
37.23327922
37.16288312
37.22451357
37.16846718
37.24015322
37.22738193
37.28128192
37.27727006
37.24374076
37.18626329
37.17333606
37.2378389
37.2335957
37.27922154
37.18701593
37.17884881
37.19948102
37.2024423
37.23640218
37.2071811
37.29385467
37.26383768
37.22377553
37.22650797
37.21677383
37.26685941
37.2618026
37.27005291
37.25371758
37.20988571
37.20164409
37.25582795
37.28876276
37.27330988
37.29450107
37.16211238
37.23669457
37.28656964
37.25018401
37.28379943
37.17429419
37.20386911
37.22336989
37.17623532
37.25449625
37.22190305
37.21855956
37.24410419
37.19726724
37.22404092
37.2185273
37.21265483
37.27612414
37.23672402
37.17957853
37.23193368
37.1654456
37.22659359
37.26193754
37.17263783
37.26545135
37.23650985
37.20063568
37.24914441
37.24401967
37.18018419
37.23755361
37.26657264
37.23550311
37.28978961
37.24853111
37.18114116
37.20071276
37.18476949
37.19385259
37.24506154
37.28392114
37.1963401
37.22705169
37.23327556
37.19865172
37.24317858
37.29298642
37.16916353
37.20337951
37.24718881
37.29550751
37.18923357
37.22227272
37.18031436
37.2124108
37.18250057
37.21446615
37.27058865
37.2131046
37.27862058
37.16322362
37.19147122
37.27528305
37.24583086
37.29852372
37.18787826
37.22811677
37.20931624
37.25410385
37.24027698
37.23807368
37.19223554
37.22645779
37.1792898
37.1603256
37.29715643
37.17027666
37.268281
37.29995313
37.17499024
37.27368356
37.27976253
37.28489029
37.17760764
37.25202021
37.2464573
37.190586
37.18328132
37.24395665
37.23282879
37.19786291
37.28117812
37.2451636
37.16971431
37.28987369
37.28764884
37.24508097
37.27529412
37.16516839
37.22934645
37.22512995
37.24868697
37.21301736
37.26035319
37.22629615
37.26311743
37.16795247
37.26410372
37.28325704
37.17364265
37.16428954
37.21001091
37.29770557
37.21155978
37.1999369
37.18681382
37.19862657
37.24428466
37.18048756
37.17189091
37.24965394
37.16846092
37.18187497
37.29468711
37.2975518
37.17283738
37.25100916
37.25246493
37.17966916
37.28153232
37.28316528
37.27900207
37.20982788
37.21065097
37.23587551
37.21326043
37.21639724
37.25999003
37.18622589
37.29367683
37.28514983
37.29622528
37.23653607
37.26785584
37.24261884
37.29508727
37.19415466
37.17120405
37.2527843
37.22660035
37.24383534
37.26057941
37.17554223
37.2089587
37.20979565
37.26353645
37.24817849
37.26978747
37.27761988
37.22035002
37.23913429
37.18067342
37.23757574
37.21563134
37.25024148
37.27264161
37.17258522
37.25251683
37.19524757
37.18535029
37.21809946
37.21648109
37.2192352
37.25714757
37.17500636
37.20933668
37.21884525
37.24662454
37.19494402
37.27346421
37.1711672
37.16634186
37.27377779
37.19395414
37.21015975
37.20442904
37.22697179
37.27867713
37.27236318
37.25297588
37.17531711
37.1611764
37.25713889
37.27824913
37.27529163
37.22668668
37.20549381
37.1969862
37.22507686
37.21677167
37.21105607
37.26458723
37.21574097
37.22105813
37.24942367
37.16783732
37.21357736
37.24665262
37.26423375
37.25050479
37.21084542
37.19593131
37.26641509
37.29214238
37.269278
37.24725378
37.22738242
37.18749505
37.26340157
37.18777026
37.19279532
37.26627329
37.23522159
37.25309169
37.19267107
37.29223589
37.19244121
37.16008489
37.28911071
37.22305146
37.16739499
37.17665576
37.19364266
37.28442886
37.27903792
37.18642752
37.26074327
37.2725752
37.29262925
37.2191881
37.2962866
37.21686109
37.2321045
37.24607209
37.28133911
37.26355355
37.20904539
37.24347504
37.26317548
37.29911813
37.24091952
37.27763907
37.22137231
37.2377714
37.21281763
37.23691137
37.25158424
37.20553238
37.17670729
37.18448644
37.22053833
37.22850094
37.26164009
37.26826208
37.16809301
37.17802032
37.19567159
37.26247959
37.1805432
37.21030279
37.22407022
37.22053987
37.2779805
37.29290586
37.28402828
37.2538747
37.16604248
37.18656038
37.28634597
37.23129647
37.28471328
37.16920801
37.24685155
37.22895213
37.29342063
37.23925668
37.24793348
37.17487271
37.26752028
37.16385488
37.2792697
37.29648577
37.20252344
37.21788549
37.26283718
37.21895859
37.28088756
37.2273707
37.16252298
37.19877496
37.29400316
37.19774047
37.19642338
37.18230874
37.28527525
37.25292181
37.17286426
37.20366599
37.17264758
37.2853643
37.24725687
37.17313689
37.18902833
37.25497861
37.25983219
37.17947144
37.2001063
37.24799106
37.18890969
37.21902616
37.16099617
37.21914542
37.26445206
37.25375616
37.19791558
37.18302178
37.20409813
37.26569674
37.19901171
37.17512832
37.23816711
37.2947226
37.3961351
37.38413265
37.28264792
37.24096403
37.36220713
37.16352334
37.28725819
37.26481327
37.20568621
37.38026247
37.30511144
37.21981044
37.21946233
37.38718663
37.24161602
37.30263418
37.19438694
37.28685156
37.32871974
37.25596761
37.28791903
37.29161266
37.32905308
37.2513241
37.28849171
37.26588224
37.26300435
37.39107666
37.24284023
37.18703473
37.30626796
37.25436055
37.3449439
37.31901321
37.2984399
37.20172544
37.30363992
37.34690338
37.35960096
37.19712839
37.22097588
37.24240541
37.39002203
37.24917784
37.29819581
37.27856717
37.34183204
37.22567182
37.38485856
37.17787519
37.1846682
37.16138308
37.33938405
37.33354849
37.36491402
37.20762535
37.37527889
37.34372796
37.2505931
37.39964522
37.2247179
37.22550381
37.33151581
37.35994545
37.30032727
37.25433759
37.35868616
37.1687659
37.18678077
37.21851228
37.28741166
37.30224898
37.36904536
37.3506304
37.17299365
37.28467668
37.22510646
37.37419088
37.27517211
37.36083098
37.30198691
37.3990232
37.18880715
37.28811718
37.25677417
37.16667569
37.17693258
37.3434499
37.17026343
37.3486555
37.20350841
37.37289236
37.25481081
37.36143639
37.2319133
37.33620061
37.20739177
37.2127234
37.38748276
37.26133815
37.25223421
37.16131723
37.16319409
37.27041061
37.34113512
37.36526873
37.34654498
37.31939081
37.39904789
37.17448769
37.3804313
37.3786271
37.35118735
37.34879838
37.17648962
37.18339038
37.20861118
37.25251719
37.34549749
37.01463473
37.19500655
37.32053646
37.20900828
37.14480725
37.32806265
37.36895997
37.33570424
37.17933454
37.04213608
37.37673737
37.01521852
37.0974673
37.36502289
37.1153007
37.38358031
37.16619141
37.03032483
37.08458296
37.11130999
37.11181848
37.21643331
37.11677447
37.14434945
37.02371865
37.27206126
37.13532923
37.14329178
37.34660792
37.07973101
37.00864527
37.04903354
37.29519713
37.22974152
37.02852266
37.37519616
37.31435888
37.37975911
37.12766294
37.30701804
37.06994584
37.02108823
37.05723396
37.11122809
37.06690001
37.33169129
37.05377865
37.05333691
37.00445327
37.2488402
37.04848546
37.18715132
37.34506102
37.07319791
37.13379439
37.24165865
37.31863868
37.23355912
37.27090332
37.12514539
36.88947367
36.96785281
36.76034396
36.81385348
36.99409876
36.96296888
36.74295802
36.75531261
36.91950346
36.78775446
36.84533701
36.77217742
36.99070505
36.70647349
36.76619633
36.98254379
36.84532024
36.92516147
36.70459663
36.89275405
36.84143868
36.92925397
36.79248432
36.85261384
36.75629266
36.7203989
36.73046288
36.76804635
36.96220074
36.75637109
36.83828984
36.70932279
36.97880506
36.99990679
36.91752972
36.75368228
36.8713925
36.91306679
36.90901601
36.94783585
36.82621973
36.71654148
36.87105036
36.91814002
36.83443401
36.81600166
36.71294293
36.82709356
36.74127521
36.80780949
36.97412218
36.77869198
36.75317612
36.86910525
36.70815983
36.74565458
36.80844591
36.93534674
36.77106729
36.77291962
